64
0.0114444	0.960875	0.842586	0.4644	0.928312	0.657247	0.281961	0.953154	0.863582	0.18012	0.127506	0.972716	0.739738	0.936613	0.134953	0.824763	0.445265	0.380718	0.083346	0.248756	0.0317392	0.0476699	0.797174	0.980773	0.162694	0.832392	0.435987	0.509323	0.970458	0.0432142	0.457961	0.810114	0.977844	0.26252	0.163396	0.339976	0.240394	0.544969	0.224738	0.072512	0.365459	0.985076	0.108921	0.855281	0.564562	0.185034	0.798853	0.87112	0.395245	0.654408	0.719596	0.483779	0.348552	0.672323	0.276254	0.249977	0.938658	0.644276	0.909268	0.378307	0.45027	0.483932	0.073336	0.416974	
0.00106815	0.0517289	0.046968	0.451125	0.0743736	0.181494	0.977752	0.591266	0.17893	0.325938	0.0704062	0.0339976	0.791986	0.352733	0.324076	0.476089	0.241554	0.522202	0.723899	0.163427	0.684927	0.17774	0.294687	0.356212	0.838313	0.1807	0.921781	0.490829	0.615497	0.620411	0.345592	0.820887	0.330485	0.830714	0.236763	0.817591	0.62093	0.244819	0.757042	0.11124	0.748619	0.119022	0.513199	0.255196	0.432936	0.656789	0.309458	0.0930509	0.874172	0.564409	0.605304	0.010651	0.122105	0.570025	0.08417	0.854427	0.446883	0.936094	0.240394	0.796381	0.867733	0.497787	0.389203	0.928343	
0.496567	0.25782	0.00732444	0.865383	0.851985	0.0691244	0.809961	0.140446	0.800256	0.436842	0.46971	0.671499	0.279672	0.970428	0.385205	0.081637	0.464156	0.517655	0.404065	0.154607	0.522752	0.511521	0.907682	0.205725	0.630848	0.561022	0.163213	0.650624	0.389843	0.81756	0.349895	0.552049	0.311075	0.147832	0.164678	0.426771	0.520646	0.644978	0.415021	0.093234	0.340953	0.508103	0.503708	0.8417	0.905667	0.823176	0.212622	0.707755	0.463973	0.274697	0.691733	0.130619	0.530595	0.320841	0.0592975	0.777612	0.537919	0.862392	0.519608	0.815577	0.145909	0.937315	0.404675	0.411054	
0.867061	0.471725	0.0458998	0.740349	0.161412	0.619007	0.882107	0.290139	0.659108	0.717887	0.710135	0.730918	0.66567	0.400891	0.484359	0.143437	0.607196	0.884671	0.571093	0.880428	0.570696	0.972839	0.864559	0.843745	0.597003	0.803369	0.670156	0.459365	0.881375	0.870998	0.761864	0.130558	0.538743	0.356609	0.519425	0.450819	0.0899075	0.294229	0.552232	0.957976	0.324198	0.607379	0.715232	0.710471	0.695669	0.54561	0.924314	0.467147	0.90875	0.552843	0.676199	0.751854	0.849361	0.0986053	0.680105	0.584033	0.518326	0.503281	0.506668	0.156529	0.122715	0.288766	0.660848	0.242073	
0.981689	0.0859401	0.984924	0.609241	0.403119	0.629902	0.797723	0.229774	0.187109	0.874142	0.676473	0.557939	0.9129	0.755577	0.287576	0.663411	0.664754	0.640828	0.172308	0.4991	0.354106	0.985534	0.893918	0.0846583	0.293374	0.2378	0.452284	0.887814	0.177923	0.517075	0.372478	0.183325	0.132633	0.0994903	0.373272	0.672903	0.979156	0.241462	0.0220954	0.144871	0.379955	0.371899	0.28254	0.457167	0.0158391	0.185339	0.360546	0.623157	0.45262	0.666402	0.755943	0.28251	0.853786	0.577166	0.925138	0.338115	0.19483	0.438795	0.461318	0.0400403	0.136021	0.53853	0.198706	0.298349	
0.209601	0.993194	0.146641	0.505295	0.477462	0.400647	0.660268	0.648824	0.316019	0.110691	0.753441	0.998291	0.484237	0.645741	0.960845	0.143498	0.131016	0.30369	0.654927	0.668844	0.898434	0.473403	0.224219	0.243019	0.776635	0.694449	0.0193793	0.406568	0.867458	0.992126	0.472793	0.837367	0.711905	0.51915	0.298471	0.376202	0.338725	0.035432	0.178228	0.593432	0.689871	0.256752	0.840388	0.177557	0.579058	0.603778	0.937376	0.927793	0.839808	0.382977	0.628254	0.630879	0.8193	0.930357	0.272897	0.604328	0.87402	0.749077	0.143315	0.186773	0.0237434	0.172918	0.559252	0.956847	
0.419965	0.585894	0.353374	0.961669	0.784845	0.730094	0.0733055	0.736747	0.477371	0.132603	0.825861	0.397656	0.34254	0.182714	0.170202	0.58565	0.000122074	0.890866	0.966247	0.547838	0.728965	0.860317	0.584063	0.133213	0.603412	0.503372	0.381237	0.98645	0.0378124	0.0324107	0.853847	0.719565	0.395642	0.258095	0.36729	0.343944	0.819025	0.725059	0.874111	0.743065	0.935606	0.217017	0.523545	0.46733	0.598224	0.162175	0.570757	0.632984	0.314371	0.970153	0.490371	0.205084	0.521256	0.831965	0.701895	0.447127	0.362529	0.0141606	0.812494	0.817469	0.123753	0.178228	0.783532	0.0944853	
0.981903	0.756706	0.927396	0.011597	0.225654	0.917081	0.140355	0.182928	0.602863	0.144993	0.278451	0.601733	0.950774	0.977905	0.081637	0.491836	0.766228	0.919889	0.553453	0.794305	0.871181	0.0700705	0.201849	0.0697043	0.830317	0.494613	0.0476089	0.098056	0.276925	0.874355	0.806604	0.956908	0.803034	0.458937	0.152013	0.859371	0.570452	0.859127	0.46321	0.533219	0.298746	0.707816	0.966826	0.422193	0.786218	0.721915	0.676748	0.490646	0.620533	0.195441	0.039552	0.913388	0.235054	0.455824	0.690664	0.430921	0.967009	0.314127	0.228523	0.65273	0.273934	0.0408338	0.412519	0.0882595	
0.76455	0.898221	0.690878	0.188269	0.200293	0.760399	0.464919	0.176916	0.124088	0.852931	0.996063	0.956267	0.271737	0.142521	0.361217	0.86404	0.423414	0.408368	0.363933	0.566454	0.850429	0.526505	0.806207	0.86697	0.014008	0.998321	0.0282601	0.71218	0.672658	0.254219	0.122074	0.176336	0.0531632	0.764245	0.724876	0.705618	0.243385	0.486404	0.799097	0.403394	0.460982	0.684164	0.30488	0.637806	0.355907	0.644276	0.171361	0.7528	0.00231941	0.326487	0.473098	0.163915	0.736106	0.475784	0.217689	0.620228	0.494125	0.229072	0.651234	0.913358	0.812189	0.747093	0.487259	0.815119	
0.136998	0.902982	0.966185	0.524888	0.60918	0.558885	0.150517	0.408155	0.972747	0.46147	0.363323	0.306894	0.768426	0.287973	0.174871	0.204108	0.465896	0.873898	0.844874	0.522477	0.692129	0.153447	0.625568	0.839442	0.211188	0.844539	0.832972	0.299478	0.812891	0.408338	0.0913114	0.504807	0.765282	0.316599	0.658162	0.165899	0.988281	0.155797	0.235267	0.293008	0.603931	0.601154	0.172582	0.209906	0.0202033	0.790643	0.470626	0.171331	0.203986	0.130833	0.488235	0.864956	0.299753	0.0656758	0.761528	0.579485	0.250465	0.839076	0.840358	0.319987	0.576373	0.783227	0.548784	0.651967	
0.968505	0.163579	0.575518	0.554674	0.852626	0.111393	0.800684	0.0660115	0.580401	0.67571	0.265114	0.99942	0.403607	0.525559	0.188696	0.514115	0.887783	0.333995	0.943571	0.820582	0.921628	0.374767	0.388501	0.801569	0.978423	0.363292	0.47145	0.830683	0.785546	0.0730918	0.505356	0.569292	0.0584124	0.758599	0.0241096	0.0234687	0.455397	0.916135	0.625263	0.64153	0.409253	0.413862	0.704672	0.734214	0.992065	0.522294	0.490524	0.99826	0.469619	0.876125	0.282266	0.424665	0.701468	0.899319	0.300668	0.373089	0.0427259	0.724174	0.0556658	0.0933866	0.904447	0.135624	0.638081	0.475814	
0.628101	0.572588	0.841182	0.310801	0.83108	0.716727	0.518876	0.840052	0.87878	0.700705	0.0861538	0.879452	0.640278	0.466628	0.568712	0.295938	0.183172	0.306284	0.107212	0.118931	0.564348	0.1142	0.323466	0.0677816	0.372356	0.384747	0.453536	0.776452	0.178472	0.484756	0.655171	0.49675	0.551775	0.232765	0.395062	0.56148	0.795251	0.316172	0.32255	0.388379	0.0585345	0.57741	0.535875	0.306406	0.984283	0.700583	0.647114	0.985504	0.543382	0.329844	0.552446	0.751274	0.216559	0.150548	0.313608	0.565569	0.177496	0.964476	0.056917	0.954253	0.634236	0.290628	0.296152	0.663594	
0.985015	0.522599	0.585437	0.326518	0.944914	0.173711	0.908658	0.919645	0.299448	0.241523	0.711234	0.292703	0.441267	0.222449	0.980865	0.551561	0.346294	0.808374	0.283212	0.575823	0.145665	0.795679	0.159032	0.452589	0.949675	0.238929	0.788965	0.107486	0.0795923	0.379681	0.331767	0.91409	0.364483	0.381756	0.843196	0.563158	0.658162	0.404828	0.1807	0.973083	0.233497	0.0468154	0.800989	0.522172	0.209754	0.686819	0.85638	0.384991	0.669362	0.759636	0.496017	0.252937	0.620472	0.493179	0.778924	0.22132	0.46147	0.140049	0.103916	0.123173	0.103641	0.234535	0.564043	0.0922269	
0.408277	0.906186	0.130528	0.634968	0.0944853	0.781213	0.0735191	0.994263	0.774102	0.503281	0.525101	0.0849025	0.269478	0.404431	0.591205	0.782922	0.871212	0.357768	0.918729	0.849391	0.691	0.342936	0.123692	0.270425	0.766961	0.755943	0.987487	0.294534	0.0767846	0.994171	0.826197	0.948302	0.115665	0.348064	0.940825	0.311686	0.194555	0.730857	0.553179	0.335002	0.115757	0.2772	0.13477	0.477248	0.381451	0.342357	0.534318	0.948729	0.591754	0.933073	0.810297	0.837947	0.188574	0.101016	0.175085	0.904843	0.20127	0.331004	0.95645	0.321024	0.150609	0.453719	0.982788	0.138707	
0.767144	0.115879	0.298746	0.769402	0.680288	0.338023	0.617023	0.253365	0.734336	0.191046	0.412519	0.601764	0.0878323	0.123875	0.0657369	0.992004	0.752098	0.972106	0.961058	0.0978118	0.72573	0.179846	0.946013	0.335734	0.380902	0.265847	0.0588702	0.308298	0.257973	0.0645466	0.929472	0.226295	0.924497	0.774346	0.760216	0.59032	0.0548112	0.34312	0.293527	0.913663	0.386914	0.223609	0.672018	0.767327	0.71218	0.0285043	0.596973	0.928617	0.554674	0.117679	0.692495	0.914426	0.696249	0.647969	0.480605	0.680532	0.203497	0.117374	0.874172	0.768395	0.11298	0.934446	0.59331	0.680013	
0.430677	0.0443434	0.412336	0.762993	0.602588	0.142949	0.642628	0.386425	0.11182	0.509903	0.758263	0.688986	0.359203	0.992096	0.570544	0.680715	0.483108	0.168889	0.857418	0.979369	0.275216	0.230232	0.854396	0.962981	0.848109	0.598743	0.512894	0.619465	0.211005	0.827235	0.932585	0.875088	0.410047	0.803125	0.873592	0.682211	0.389294	0.79049	0.755303	0.648457	0.228645	0.341166	0.0474258	0.488083	0.914884	0.606616	0.460341	0.076632	0.302255	0.0810877	0.8399	0.390576	0.418897	0.307779	0.174017	0.112888	0.774865	0.579272	0.616932	0.18601	0.828669	0.16306	0.936735	0.0930204	
0.268075	0.084109	0.293588	0.14893	0.261879	0.994903	0.753868	0.582873	0.338206	0.164892	0.447066	0.692251	0.0464492	0.120396	0.771538	0.851039	0.0583209	0.965819	0.555162	0.652211	0.864895	0.917966	0.577441	0.966582	0.725242	0.0846583	0.359325	0.198737	0.0237739	0.0184027	0.626545	0.521592	0.691549	0.0769982	0.353252	0.370556	0.848476	0.121677	0.791925	0.978912	0.322581	0.584918	0.395856	0.235267	0.202399	0.438002	0.0404675	0.644765	0.0786767	0.0908536	0.449751	0.674642	0.131932	0.754357	0.233833	0.266366	0.721946	0.296762	0.444472	0.79461	0.635517	0.125919	0.0540178	0.254738	
0.648427	0.12775	0.264718	0.960509	0.558489	0.192602	0.0542619	0.532151	0.345103	0.361156	0.863765	0.457259	0.612506	0.120151	0.834803	0.00488296	0.971984	0.880367	0.50148	0.77456	0.520096	0.166784	0.343638	0.661031	0.0689413	0.553728	0.107913	0.5168	0.284188	0.874538	0.302408	0.292734	0.388043	0.738578	0.771477	0.938597	0.582629	0.885647	0.756981	0.844417	0.850368	0.409925	0.35197	0.104556	0.287698	0.383953	0.75338	0.384899	0.628071	0.914579	0.219337	0.674825	0.110691	0.161412	0.138554	0.705405	0.351421	0.349925	0.11655	0.314829	0.371441	0.309366	0.48619	0.5421	
0.440901	0.567858	0.148045	0.730827	0.892819	0.534989	0.147313	0.423719	0.564196	0.803705	0.893063	0.329752	0.0202338	0.102664	0.426313	0.144292	0.218116	0.930143	0.643696	0.504593	0.766289	0.400586	0.881558	0.860744	0.435835	0.335978	0.768487	0.544389	0.0801416	0.13184	0.751152	0.815546	0.618763	0.430342	0.200476	0.169469	0.242225	0.131108	0.503952	0.684439	0.493637	0.771294	0.0505997	0.691671	0.383618	0.805872	0.51503	0.549028	0.194525	0.819819	0.345958	0.79928	0.130619	0.202887	0.866756	0.494461	0.469893	0.318827	0.893002	0.967437	0.374371	0.699698	0.27427	0.832087	
0.0146184	0.297006	0.265847	0.493118	0.165258	0.32078	0.13657	0.947081	0.927061	0.697653	0.919736	0.1554	0.732536	0.679312	0.712149	0.771172	0.290933	0.63271	0.428999	0.500534	0.628803	0.543199	0.419599	0.880215	0.882595	0.261544	0.850703	0.75219	0.999542	0.0267342	0.263802	0.216926	0.0028077	0.294992	0.212561	0.346477	0.97766	0.406964	0.386364	0.438459	0.434034	0.124088	0.12653	0.0922575	0.203009	0.56502	0.741508	0.889096	0.522233	0.574145	0.526841	0.956267	0.467086	0.0525529	0.896878	0.197943	0.384045	0.283547	0.533494	0.473098	0.482162	0.783227	0.959288	0.501602	
0.238777	0.707755	0.440321	0.780602	0.776238	0.348888	0.625568	0.291604	0.865383	0.7481	0.828547	0.279885	0.712333	0.961364	0.358226	0.887448	0.184545	0.00567644	0.804773	0.920621	0.633045	0.0183721	0.686392	0.533891	0.965819	0.660482	0.364391	0.110874	0.130192	0.29548	0.631397	0.123814	0.659322	0.975036	0.880032	0.252754	0.439253	0.762047	0.257729	0.545885	0.353191	0.423383	0.714469	0.902127	0.958892	0.0227668	0.348735	0.657064	0.855342	0.445143	0.959258	0.553972	0.895474	0.384259	0.207434	0.880398	0.90051	0.824213	0.29783	0.0525224	0.0326853	0.546281	0.582202	0.427625	
0.482437	0.69274	0.993805	0.626484	0.626087	0.918119	0.717734	0.146794	0.31077	0.160039	0.00427259	0.548997	0.422437	0.560137	0.530656	0.995117	0.393139	0.566637	0.218146	0.422987	0.804407	0.750053	0.910398	0.136174	0.742149	0.362865	0.81933	0.0912198	0.0600604	0.174444	0.144932	0.663228	0.207434	0.613056	0.775079	0.171514	0.777459	0.74514	0.471603	0.946226	0.432752	0.124302	0.449202	0.216865	0.363994	0.0404065	0.752831	0.604877	0.937956	0.200415	0.340464	0.500565	0.691153	0.371838	0.276986	0.106204	0.325907	0.0208136	0.945799	0.426435	0.863918	0.475204	0.684103	0.987121	
0.614795	0.644459	0.748497	0.563952	0.115238	0.827296	0.0166326	0.702139	0.694937	0.638661	0.331706	0.308329	0.8258	0.586993	0.895413	0.0960417	0.910825	0.33311	0.616504	0.165868	0.668294	0.161992	0.820154	0.501602	0.768273	0.698752	0.225257	0.6639	0.877071	0.399945	0.595447	0.46205	0.76632	0.85165	0.97	0.886013	0.642659	0.405072	0.881466	0.0788598	0.354381	0.18186	0.465499	0.632252	0.631336	0.979339	0.869778	0.984527	0.0141911	0.107517	0.867763	0.204291	0.629566	0.689108	0.0840175	0.939848	0.466872	0.453505	0.737114	0.815516	0.313639	0.556352	0.305948	0.0570086	
0.004944	0.455519	0.0266732	0.626209	0.144078	0.375195	0.625813	0.647023	0.949461	0.388958	0.195563	0.403668	0.385296	0.653279	0.618519	0.692312	0.231697	0.822718	0.447005	0.807489	0.250069	0.178014	0.644124	0.944578	0.100742	0.498245	0.0919218	0.29957	0.169012	0.208319	0.273873	0.647267	0.955077	0.833369	0.037019	0.679342	0.185217	0.290689	0.840815	0.883358	0.299692	0.051149	0.398114	0.243934	0.473739	0.700827	0.115513	0.547868	0.828272	0.93405	0.23835	0.573351	0.986084	0.509873	0.107089	0.945769	0.630085	0.202307	0.431593	0.940489	0.219794	0.276009	0.9888	0.0142827	
0.522111	0.51854	0.650685	0.346446	0.11298	0.360729	0.148747	0.170904	0.505966	0.116031	0.480636	0.18067	0.0638142	0.870266	0.365947	0.785791	0.349986	0.0530107	0.657033	0.506027	0.0751366	0.221992	0.110874	0.27955	0.296304	0.0914029	0.429151	0.968993	0.023835	0.335856	0.971374	0.845851	0.89288	0.200781	0.0484939	0.334788	0.0555437	0.450819	0.203192	0.799036	0.950346	0.687307	0.381817	0.647694	0.104099	0.566179	0.406171	0.546953	0.624287	0.947539	0.649556	0.0159001	0.536058	0.507981	0.324686	0.188391	0.62215	0.847377	0.28898	0.0220038	0.920286	0.620533	0.773614	0.735893	
0.535356	0.726066	0.942717	0.757927	0.922361	0.0826746	0.688955	0.963286	0.296121	0.0249641	0.571703	0.485061	0.32429	0.84933	0.303781	0.878475	0.759758	0.541612	0.693747	0.919706	0.168889	0.217719	0.448927	0.820978	0.411573	0.308329	0.746696	0.142796	0.0294198	0.0189215	0.97882	0.184668	0.198798	0.09653	0.576647	0.135533	0.404035	0.434309	0.322092	0.765435	0.48793	0.545335	0.0513932	0.939177	0.235328	0.436781	0.157689	0.733695	0.146336	0.915586	0.798608	0.440229	0.554949	0.857295	0.215308	0.232215	0.749748	0.468703	0.0690329	0.780847	0.252937	0.0762352	0.201453	0.598743	
0.913816	0.470687	0.725028	0.39375	0.972594	0.339915	0.849971	0.213569	0.751579	0.820887	0.353465	0.662557	0.129521	0.701804	0.0979949	0.972289	0.455184	0.30604	0.504471	0.206671	0.0567339	0.589038	0.386792	0.383312	0.00311289	0.47911	0.0542314	0.791803	0.27369	0.993866	0.0872829	0.29078	0.992096	0.163152	0.693716	0.864834	0.8811	0.289956	0.0510575	0.221961	0.594134	0.58037	0.541612	0.714072	0.0803247	0.67394	0.286111	0.360027	0.638691	0.105777	0.882809	0.254433	0.81811	0.231574	0.75753	0.141667	0.819452	0.646413	0.0315561	0.437666	0.555742	0.629475	0.313303	0.479843	
0.0266732	0.644948	0.319895	0.28721	0.164006	0.431196	0.735282	0.611225	0.80398	0.708792	0.210761	0.558794	0.942503	0.0389416	0.91467	0.56914	0.930448	0.863918	0.536424	0.0251778	0.764061	0.259743	0.152959	0.281014	0.127659	0.43376	0.86166	0.386608	0.344493	0.496963	0.587817	0.291116	0.891842	0.543229	0.972015	0.80578	0.637074	0.566607	0.743614	0.108127	0.450606	0.247414	0.487197	0.0680868	0.35197	0.138951	0.207465	0.177953	0.845363	0.285714	0.599384	0.366802	0.600909	0.804712	0.429792	0.481246	0.137944	0.460585	0.936308	0.713157	0.666524	0.766533	0.650227	0.756127	
0.743065	0.641469	0.549638	0.971526	0.897122	0.1554	0.948424	0.345714	0.884945	0.39378	0.0283517	0.519547	0.726035	0.972198	0.419691	0.671102	0.179571	0.232795	0.736961	0.533464	0.816218	0.653737	0.475936	0.328532	0.341807	0.502457	0.178625	0.897977	0.329722	0.264534	0.271371	0.812586	0.0171209	0.87936	0.483718	0.741661	0.322367	0.313089	0.253243	0.863338	0.738975	0.501633	0.0229499	0.597003	0.263131	0.193182	0.837733	0.439405	0.0104984	0.722953	0.145604	0.185522	0.678762	0.250465	0.210639	0.315348	0.511887	0.491256	0.0429701	0.828059	0.923185	0.473739	0.253212	0.304514	
0.432112	0.352794	0.736473	0.479781	0.0722373	0.811365	0.592914	0.10651	0.926115	0.0809656	0.190954	0.390515	0.943052	0.112766	0.779199	0.780023	0.696829	0.930296	0.55324	0.38966	0.238594	0.694784	0.584307	0.840358	0.7022	0.515183	0.514969	0.796594	0.817286	0.532975	0.428999	0.982177	0.987213	0.314035	0.801202	0.955687	0.0873745	0.0782189	0.9335	0.427046	0.640889	0.798059	0.783654	0.396435	0.526749	0.697989	0.592944	0.896329	0.878353	0.185064	0.218787	0.618763	0.327036	0.742759	0.5786	0.208441	0.247902	0.818567	0.111393	0.503037	0.16361	0.237434	0.663259	0.501999	
0.962951	0.171514	0.702658	0.345286	0.0897549	0.197882	0.272256	0.0830103	0.359111	0.475417	0.583392	0.51735	0.556444	0.572069	0.659139	0.897916	0.476272	0.973937	0.932615	0.752007	0.556658	0.806726	0.206488	0.630879	0.765465	0.802057	0.880428	0.0531327	0.895077	0.0385449	0.851741	0.426801	0.92114	0.489944	0.996704	0.230964	0.582537	0.910855	0.637837	0.238716	0.837947	0.0917692	0.904019	0.0621052	0.355632	0.0146184	0.389111	0.800653	0.692953	0.939665	0.0161443	0.0747398	0.321177	0.955351	0.512162	0.225013	0.152593	0.0225227	0.401349	0.958861	0.72573	0.0439772	0.921415	0.225532	
0.704764	0.990265	0.77047	0.601215	0.850124	0.613788	0.0899686	0.964751	0.115635	0.782159	0.590381	0.745811	0.0290841	0.961425	0.225532	0.526688	0.0120548	0.881314	0.322245	0.278665	0.795709	0.913419	0.571093	0.0145573	0.588275	0.193152	0.784783	0.13834	0.150945	0.0176397	0.830561	0.273446	0.438063	0.549608	0.642415	0.850826	0.95819	0.359752	0.71981	0.237831	0.511826	0.837855	0.0187994	0.689749	0.462752	0.0044557	0.642293	0.904386	0.198492	0.754265	0.234962	0.461684	0.936552	0.0620441	0.489883	0.929502	0.53267	0.183294	0.672536	0.916135	0.447371	0.379681	0.568651	0.852077	
0.526627	0.201514	0.7622	0.780786	0.753655	0.857936	0.649586	0.941099	0.627308	0.706351	0.0967132	0.421552	0.323893	0.392102	0.144444	0.668325	0.298349	0.670034	0.669546	0.127903	0.481216	0.438612	0.406537	0.805902	0.727256	0.0185553	0.23777	0.0228889	0.672842	0.206519	0.156468	0.149052	0.657186	0.135624	0.810694	0.598376	0.864711	0.47383	0.032899	0.863796	0.344157	0.991394	0.262825	0.875057	0.0609455	0.0288095	0.268441	0.459395	0.639088	0.896481	0.0724815	0.18775	0.948515	0.736747	0.490249	0.386273	0.194708	0.880886	0.184759	0.59563	0.666463	0.230842	0.646016	0.258522	
0.797754	0.697928	3.05185e-005	0.917142	0.700766	0.229133	0.0545976	0.701529	0.825739	0.452986	0.487136	0.390301	0.903745	0.475478	0.581866	0.824763	0.82931	0.857662	0.421644	0.957915	0.638508	0.306223	0.941465	0.319315	0.239021	0.108341	0.749199	0.177526	0.0485855	0.841578	0.120518	0.180609	0.197577	0.390576	0.0737327	0.756859	0.452528	0.801843	0.930723	0.0560625	0.516587	0.007416	0.270852	0.713706	0.863186	0.949065	0.683615	0.217719	0.758904	0.133854	0.22599	0.161199	0.632496	0.153233	0.991821	0.159917	0.445418	0.195379	0.697836	0.718039	0.220862	0.0838343	0.69454	0.821894	
0.387219	0.872036	0.306345	0.543535	0.0918607	0.5262	0.908567	0.43553	0.142582	0.727226	0.646443	0.997772	0.731529	0.322855	0.203772	0.997986	0.599017	0.461745	0.525895	0.926847	0.792993	0.940092	0.904263	0.369274	0.680288	0.792627	0.328776	0.572893	0.366161	0.659078	0.513749	0.995056	0.178411	0.956999	0.503861	0.109439	0.37199	0.392651	0.266671	0.254158	0.710776	0.84109	0.177618	0.801416	0.0822474	0.126438	0.803797	0.431318	0.802057	0.734062	0.892788	0.790185	0.763848	0.985351	0.973022	0.314798	0.0913419	0.7069	0.471419	0.504074	0.448531	0.924955	0.755211	0.419111	
0.664205	0.616443	0.00335704	0.693167	0.827357	0.0479751	0.31492	0.832545	0.509476	0.734092	0.95938	0.0896329	0.270119	0.54561	0.176214	0.689901	0.101627	0.999908	0.429487	0.692923	0.970092	0.263924	0.523515	0.270211	0.107608	0.901425	0.486343	0.679769	0.213385	0.895413	0.627125	0.719291	0.218818	0.977538	0.673299	0.939421	0.773553	0.795129	0.39433	0.397443	0.10831	0.947447	0.617908	0.233863	0.431104	0.422346	0.0449843	0.852077	0.512711	0.464583	0.770074	0.98294	0.618	0.406903	0.912442	0.415418	0.439222	0.495499	0.265358	0.674429	0.187292	0.240516	0.36903	0.427137	
0.497818	0.323679	0.913327	0.899228	0.307566	0.59328	0.877255	0.0819727	0.358074	0.178655	0.310709	0.0116276	0.482437	0.254982	0.165227	0.902493	0.331339	0.4897	0.0797449	0.41438	0.695151	0.701682	0.527726	0.836604	0.0776696	0.764824	0.231605	0.468764	0.678182	0.286813	0.251656	0.980346	0.437941	0.0946684	0.654347	0.0298776	0.307535	0.0579852	0.16718	0.925443	0.390881	0.281533	0.726493	0.60683	0.122593	0.198096	0.323283	0.731986	0.134953	0.593036	0.0551164	0.147649	0.970367	0.0917692	0.788568	0.5262	0.295633	0.14124	0.339396	0.449751	0.775079	0.0169073	0.577044	0.722922	
0.257241	0.886441	0.358501	0.194922	0.432936	0.460982	0.699057	0.873348	0.620014	0.26606	0.0851772	0.609455	0.831355	0.0624104	0.336802	0.1377	0.78222	0.448714	0.923978	0.749413	0.993622	0.177099	0.14539	0.382885	0.647114	0.212897	0.0743431	0.410627	0.348399	0.0697043	0.678426	0.905118	0.454939	0.451094	0.0192267	0.664113	0.124393	0.730186	0.93881	0.77752	0.740104	0.298471	0.138066	0.0159001	0.869655	0.314982	0.0546281	0.822993	0.413007	0.88702	0.445265	0.192511	0.0962249	0.213721	0.0798975	0.211585	0.967284	0.724204	0.453291	0.550859	0.0497452	0.74041	0.920286	0.683401	
0.811609	0.697165	0.161168	0.113468	0.60387	0.449843	0.383801	0.396039	0.726951	0.701315	0.167608	0.228797	0.279733	0.0791345	0.356944	0.397473	0.448439	0.894528	0.90933	0.856197	0.39079	0.114048	0.105045	0.723533	0.372539	0.575793	0.0243233	0.476089	0.311991	0.980407	0.698355	0.120548	0.388928	0.689322	0.840266	0.625294	0.874477	0.860469	0.562639	0.393231	0.837642	0.953337	0.987518	0.056917	0.885159	0.134373	0.155065	0.377056	0.59096	0.614063	0.1377	0.525773	0.771111	0.446638	0.765038	0.536058	0.260689	0.824519	0.866848	0.19834	0.349223	0.397351	0.43968	0.185553	
0.530015	0.648488	0.643605	0.68807	0.720695	0.85876	0.0350658	0.339579	0.610462	0.689535	0.942747	0.715384	0.290536	0.916532	0.391675	0.183782	0.824183	0.344676	0.483139	0.392926	0.912168	0.436354	0.635243	0.172948	0.310648	0.683493	0.591357	0.135807	0.156804	0.255196	0.602527	0.753655	0.859066	0.951933	0.689657	0.19657	0.708182	0.997681	0.392224	0.711966	0.865078	0.701193	0.909513	0.825495	0.881985	0.517594	0.0406201	0.146092	0.412946	0.541765	0.829737	0.0555742	0.270302	0.964324	0.322367	0.0640584	0.48262	0.522172	0.339763	0.11298	0.511368	0.474075	0.676351	0.606342	
0.281625	0.133	0.628071	0.451888	0.183844	0.486496	0.256386	0.893399	0.702261	0.935789	0.295297	0.414869	0.826624	0.685904	0.107028	0.498581	0.9035	0.816828	0.592669	0.517869	0.0830409	0.567858	0.464431	0.54564	0.0180364	0.866146	0.78515	0.360515	0.970763	0.630421	0.181921	0.431318	0.984497	0.881497	0.639729	0.161229	0.275887	0.190649	0.281106	0.173193	0.504105	0.497116	0.0388501	0.917325	0.0730003	0.825983	0.627308	0.382122	0.123142	0.937712	0.718589	0.190161	0.369243	0.440596	0.730522	0.860073	0.43965	0.39732	0.13184	0.515458	0.874081	0.956908	0.671285	0.822687	
0.435621	0.0432752	0.436811	0.438185	0.893765	0.631916	0.151189	0.74691	0.933988	0.645161	0.610126	0.172979	0.350871	0.998596	0.669027	0.843837	0.180578	0.828486	0.685202	0.889187	0.928922	0.432356	0.821162	0.156041	0.551378	0.953825	0.115452	0.62093	0.341685	0.342418	0.727622	0.280557	0.38432	0.620624	0.262703	0.802454	0.72805	0.98822	0.582751	0.716391	0.936399	0.796197	0.0103153	0.428144	0.171148	0.920804	0.331095	0.837062	0.465682	0.569445	0.501541	0.837764	0.343303	0.0492569	0.467971	0.488479	0.438459	0.530015	0.00283822	0.126438	0.275216	0.332163	0.965453	0.211524	
0.86111	0.771935	0.892117	0.18012	0.25071	0.0938139	0.323069	0.0896023	0.737205	0.522721	0.771935	0.335429	0.826167	0.965941	0.743645	0.221412	0.649586	0.397229	0.707938	0.665059	0.975066	0.453688	0.433912	0.818598	0.467299	0.276528	0.59209	0.887722	0.357555	0.127506	0.0305185	0.928312	0.177709	0.811884	0.630879	0.903439	0.714988	0.439192	0.1507	0.780969	0.843501	0.553484	0.958678	0.953673	0.389325	0.163427	0.0680258	0.762841	0.684683	0.704611	0.375896	0.406476	0.967925	0.464217	0.513199	0.0137944	0.285623	0.50032	0.212531	0.166662	0.052736	0.586169	0.599902	0.649892	
0.927213	0.211432	0.316202	0.710929	0.155187	0.171087	0.875515	0.61095	0.043611	0.773553	0.165471	0.747948	0.715415	0.199194	0.496902	0.133366	0.804621	0.0406507	0.108188	0.503708	0.246925	0.555712	0.531266	0.847804	0.822443	0.664449	0.724815	0.631581	0.60622	0.222022	0.381756	0.50148	0.983825	0.597827	0.316507	0.747368	0.387066	0.0924406	0.338511	0.306375	0.407117	0.224097	0.518632	0.589587	0.440382	0.415235	0.254128	0.911466	0.524277	0.110721	0.0388806	0.804621	0.518418	0.859249	0.344768	0.000457778	0.287851	0.388318	0.520707	0.356853	0.044496	0.205267	0.115635	0.514664	
0.503067	0.754479	0.531419	0.563768	0.00753807	0.662526	0.41203	0.500351	0.28486	0.102695	0.675558	0.756188	0.981506	0.809809	0.594867	0.581652	0.639821	0.776391	0.833247	0.563372	0.269906	0.162175	0.8417	0.0580157	0.173406	0.447584	0.523362	0.823237	0.175542	0.362316	0.572283	0.627094	0.921781	0.621082	0.391827	0.117435	0.394787	0.996765	0.999634	0.732139	0.308878	0.763115	0.825007	0.931578	0.537217	0.0374462	0.805445	0.534837	0.228645	0.0553911	0.687796	0.440352	0.770226	0.90817	0.941191	0.512925	0.251747	0.774133	0.187078	0.917692	0.588397	0.175817	0.553697	0.682821	
0.957884	0.293558	0.859981	0.771905	0.708182	0.866939	0.0361034	0.447279	0.39256	0.715293	0.686941	0.205847	0.0872829	0.409009	0.203497	0.0681173	0.649373	0.121921	0.330332	0.502213	0.0693991	0.196997	0.593707	0.763787	0.576891	0.456038	0.497513	0.933409	0.653462	0.784692	0.893155	0.432051	0.610675	0.0241401	0.429151	0.296884	0.888455	0.70098	0.487594	0.99765	0.73043	0.625568	0.512558	0.0753502	0.392743	0.891507	0.137913	0.38493	0.541917	0.306223	0.0198675	0.221839	0.998749	0.784845	0.780938	0.115604	0.483993	0.737785	0.971496	0.569842	0.522324	0.9841	0.455092	0.531297	
0.16071	0.22129	0.124119	0.868465	0.657491	0.583148	0.351329	0.641224	0.798364	0.316385	0.0843532	0.442701	0.995758	0.108158	0.988861	0.594836	0.827387	0.094882	0.546709	0.478439	0.170751	0.0839564	0.515824	0.779534	0.589496	0.0198981	0.657064	0.932737	0.127842	0.22544	0.135319	0.543321	0.169713	0.44969	0.500717	0.0688803	0.518479	0.253914	0.655934	0.542344	0.353404	0.766564	0.716056	0.616657	0.219794	0.338633	0.167608	0.713706	0.708213	0.130741	0.232398	0.55736	0.979339	0.16306	0.842586	0.873012	0.791162	0.859371	0.13358	0.534043	0.184149	0.616443	0.860836	0.937101	
0.480758	0.43028	0.646168	0.886715	0.755852	0.110019	0.461165	0.771569	0.433912	0.111057	0.252602	0.312357	0.169683	0.518632	0.116886	0.663686	0.667989	0.212836	0.929685	0.150243	0.599414	0.746941	0.836604	0.419691	0.267891	0.969268	0.511704	0.292001	0.18659	0.920957	0.589831	0.0878323	0.218055	0.0402234	0.178808	0.716697	0.435255	0.204413	0.85815	0.305704	0.359447	0.641194	0.0702231	0.651173	0.731346	0.240211	0.310556	0.27311	0.471664	0.296548	0.0226142	0.355052	0.987396	0.216681	0.604572	0.349559	0.479934	0.21894	0.433241	0.531022	0.411786	0.559191	0.311899	0.277078	
0.787133	0.313059	0.248329	0.359844	0.403638	0.246376	0.969146	0.0278024	0.730857	0.804407	0.0764183	0.160588	0.572039	0.751701	0.2537	0.27662	0.165349	0.493393	0.426466	0.675893	0.880734	0.609699	0.284494	0.498764	0.168706	0.634144	0.0712607	0.981872	0.9176	0.607532	0.0477309	0.692587	0.874783	0.438398	0.535691	0.0234382	0.289163	0.601337	0.947752	0.727226	0.430189	0.204505	0.709922	0.77456	0.140233	0.957579	0.482711	0.315073	0.0764489	0.0711997	0.587817	0.023133	0.798303	0.619526	0.0454726	0.609729	0.356944	0.396649	0.130161	0.781457	0.543107	0.798669	0.849361	0.428327	
0.448988	0.76223	0.252937	0.321024	0.501267	0.291025	0.97879	0.0994293	0.620808	0.601489	0.940641	0.833125	0.66567	0.418683	0.565264	0.935636	0.813593	0.454085	0.48439	0.713523	0.0400708	0.596088	0.0880459	0.331126	0.348582	0.844661	0.845515	0.473006	0.908719	0.5215	0.800012	0.484512	0.759056	0.786737	0.14359	0.272378	0.230598	0.993469	0.278268	0.7463	0.747276	0.911618	0.269784	0.0825526	0.159337	0.352031	0.100131	0.591601	0.266671	0.222297	0.625233	0.469863	0.68746	0.545427	0.643849	0.217933	0.728843	0.472518	0.984161	0.00601215	0.416028	0.821223	0.0141911	0.767693	
0.335459	0.170324	0.482223	0.303507	0.44911	0.042787	0.0935698	0.175817	0.535417	0.207343	0.729942	0.675558	0.413495	0.63094	0.717582	0.642659	0.606861	0.112491	0.0506302	0.421339	0.602924	0.129917	0.975799	0.731315	0.364177	0.930876	0.844203	0.736198	0.247871	0.399182	0.637684	0.0905484	0.99002	0.727805	0.0748009	0.246712	0.910001	0.429609	0.703238	0.802393	0.99237	0.717551	0.884701	0.170873	0.00158696	0.784936	0.0788598	0.354625	0.286508	0.0174261	0.332163	0.103366	0.43028	0.668203	0.378094	0.238685	0.402264	0.0266121	0.254952	0.425459	0.368389	0.613117	0.847438	0.172155	
0.815699	0.430006	0.258461	0.340464	0.147588	0.800562	0.417066	0.946501	0.406354	0.827143	0.829127	0.533677	0.27839	0.999786	0.876675	0.899655	0.0393078	0.986236	0.572558	0.457564	0.594592	0.135044	0.176214	0.0137028	0.272073	0.722892	0.577044	0.242073	0.522965	0.476913	0.851772	0.637684	0.186773	0.404187	0.901608	0.229591	0.477676	0.458632	0.576128	0.834956	0.347026	0.0774255	0.189367	0.135228	0.379864	0.117557	0.834864	0.356059	0.880123	0.224158	0.405866	0.831904	0.302133	0.161657	0.726829	0.236366	0.683859	0.139042	0.702322	0.760491	0.238136	0.660756	0.890103	0.0186468	
0.758812	0.933805	0.403882	0.965148	0.997101	0.363079	0.552751	0.600848	0.665242	0.165899	0.122929	0.753166	0.223243	0.636555	0.708579	0.708548	0.105045	0.0928373	0.997375	0.980438	0.540483	0.0353099	0.417859	0.992859	0.628986	0.550768	0.0538652	0.961394	0.821863	0.491043	0.233253	0.752861	0.468551	0.45848	0.696249	0.00427259	0.584063	0.129337	0.750511	0.283456	0.493027	0.946318	0.318552	0.571276	0.507035	0.711295	0.284158	0.847926	0.291543	0.11005	0.0435804	0.0636006	0.0784021	0.699667	0.668508	0.275491	0.38023	0.389904	0.586047	0.231758	0.36317	0.950438	0.183203	0.18421	
0.533982	0.574267	0.240791	0.210639	0.898007	0.0292062	0.604175	0.828364	0.24369	0.428694	0.996216	0.179693	0.710959	0.152562	0.379284	0.571306	0.298257	0.94995	0.772362	0.648091	0.465987	0.75454	0.929228	0.983093	0.491531	0.244606	0.784448	0.364818	0.732444	0.677877	0.0731834	0.563005	0.454421	0.0332652	0.0309763	0.853969	0.379528	0.990631	0.579821	0.087344	0.611896	0.779321	0.907071	0.574755	0.0959807	0.427442	0.842799	0.58211	0.265023	0.442732	0.942656	0.706748	0.0345164	0.456038	0.681661	0.920499	0.798059	0.859249	0.665914	0.560015	0.581317	0.968505	0.267739	0.0456862	
0.0103153	0.744011	0.591449	0.610279	0.250649	0.597797	0.17481	0.818506	0.573412	0.320627	0.333598	0.159001	0.704428	0.6592	0.554827	0.489914	0.613056	0.57506	0.844752	0.618763	0.896542	0.716514	0.438795	0.798944	0.416303	0.134434	0.778527	0.423078	0.342631	0.773736	0.162603	0.69509	0.263527	0.771142	0.978118	0.561846	0.514512	0.0912198	0.917661	0.686087	0.385296	0.531449	0.0896023	0.741356	0.359661	0.627338	0.42674	0.810602	0.0446486	0.489731	0.300241	0.1695	0.94583	0.104556	0.744835	0.235817	0.74398	0.12711	0.201605	0.965972	0.230506	0.701254	0.184759	0.480117	
0.556993	0.335582	0.7781	0.19718	0.955535	0.367656	0.368206	0.260689	0.585955	0.0467544	0.520005	0.536821	0.666494	0.767693	0.401196	0.966308	0.543565	0.485794	0.661855	0.550645	0.857479	0.845119	0.175146	0.754845	0.460005	0.0503861	0.545824	0.606861	0.240303	0.0149236	0.792505	0.27604	0.51503	0.814631	0.109836	0.411084	0.139348	0.980041	0.117496	0.0190741	0.994934	0.657826	0.500992	0.166784	0.0108951	0.172277	0.452071	0.285348	0.374615	0.0186163	0.813684	0.360088	0.0877102	0.819147	0.336497	0.785943	0.524613	0.273659	0.953001	0.170232	0.148625	0.635029	0.475265	0.864376	
0.0431227	0.74163	0.623035	0.504593	0.412946	0.137608	0.787866	0.344401	0.713034	0.312174	0.440077	0.658803	0.560106	0.589434	0.58446	0.00238044	0.0839259	0.699759	0.170904	0.601978	0.874203	0.564104	0.866787	0.665242	0.179235	0.32252	0.0961638	0.886868	0.513352	0.137852	0.753868	0.932859	0.328043	0.80633	0.49852	0.184942	0.904477	0.705863	0.0328379	0.525864	0.122349	0.113529	0.275948	0.44673	0.262612	0.423658	0.834742	0.258309	0.498978	0.297006	0.680197	0.686697	0.235633	0.273568	0.435194	0.635273	0.946623	0.878903	0.179754	0.393628	0.673574	0.756157	0.180242	0.0754723	
0.837855	0.854671	0.4485	0.565722	0.523331	0.206488	0.537309	0.759087	0.886258	0.32194	0.478622	0.370647	0.84817	0.73574	0.270547	0.100192	0.728355	0.734489	0.819239	0.430921	0.972106	0.797388	0.74218	0.84463	0.630665	0.780908	0.939329	0.733818	0.749657	0.378796	0.337718	0.792474	0.321757	0.888852	0.716361	0.166631	0.960234	0.81753	0.017243	0.145817	0.949309	0.353648	0.0492874	0.676931	0.827723	0.242714	0.990814	0.481429	0.161931	0.0924406	0.597064	0.0575274	0.664907	0.641652	0.519425	0.348277	0.316599	0.0229194	0.641713	0.356792	0.643239	0.550951	0.840785	0.490341	
0.810327	0.0672933	0.0767541	0.913755	0.687094	0.373119	0.220008	0.694174	0.537278	0.781182	0.520432	0.0180975	0.493484	0.317911	0.125584	0.261605	0.470901	0.607562	0.554003	0.195685	0.676595	0.968749	0.529862	0.107395	0.370922	0.755638	0.0850246	0.118351	0.0371105	0.474075	0.335124	0.481826	0.615284	0.704733	0.835627	0.139286	0.95706	0.363842	0.924223	0.31843	0.157292	0.333262	0.955779	0.453047	0.919034	0.990875	0.836268	0.206641	0.607624	0.672567	0.761589	0.880825	0.150945	0.597247	0.567705	0.989441	0.441267	0.285836	0.598621	0.280465	0.395459	0.005768	0.497818	0.985961	
0.329661	0.272073	0.830103	0.581866	0.80459	0.936369	0.939573	0.839167	0.597705	0.894925	0.950255	0.446852	0.959044	0.947356	0.3155	0.988647	0.80575	0.836573	0.822565	0.554491	0.0130314	0.00201422	0.458388	0.768059	0.456618	0.0767541	0.0430616	0.511277	0.963652	0.660024	0.0370495	0.127873	0.827754	0.396558	0.428602	0.386181	0.0452895	0.893674	0.107212	0.983184	0.928098	0.507401	0.630116	0.870815	0.249489	0.529374	0.787164	0.185949	0.580157	0.804895	0.870998	0.0646992	0.969176	0.314158	0.058565	0.123173	0.627216	0.747734	0.810236	0.885311	0.768212	0.606952	0.692404	0.939207	
0.265053	0.861629	0.530778	0.103275	0.276193	0.694998	0.299448	0.383465	0.499222	0.368236	0.652852	0.00256355	0.207648	0.735313	0.506363	0.283181	0.727042	0.4391	0.57213	0.665548	0.506851	0.321055	0.256233	0.641011	0.444441	0.0743736	0.823176	0.883267	0.617084	0.672994	0.234535	0.357616	0.0783105	0.606952	0.567522	0.690481	0.875393	0.455824	0.419813	0.579424	0.943266	0.831202	0.207129	0.525925	0.0319834	0.219611	0.759484	0.671255	0.32371	0.757012	0.122532	0.0174261	0.894925	0.466262	0.97055	0.81399	0.681082	0.988617	0.536302	0.392041	0.0993377	0.34077	0.465529	0.227119	
0.985595	0.728477	0.501022	0.511246	0.00231941	0.947874	0.40315	0.016541	0.173467	0.406262	0.0129398	0.530992	0.702292	0.29313	0.864132	0.647267	0.728874	0.932737	0.250008	0.187017	0.183386	0.849666	0.151921	0.0407422	0.391034	0.57857	0.935179	0.704947	0.585345	0.74929	0.218604	0.297952	0.986145	0.478408	0.824702	0.335368	0.597705	0.599109	0.215522	0.0466933	0.384442	0.759697	0.321543	0.514084	0.979461	0.92288	0.169225	0.414563	0.582415	0.296518	0.213538	0.647206	0.203589	0.227302	0.782098	0.62627	0.909513	0.0885952	0.536607	0.521409	0.226722	0.693625	0.358257	0.2266	
0.360424	0.265206	0.563189	0.338878	0.383374	0.493789	0.854244	0.927915	0.0520341	0.714042	0.915403	0.377789	0.405744	0.73217	0.0548723	0.0827662	0.805445	0.335002	0.80343	0.277139	0.568102	0.0116276	0.873989	0.781732	0.852992	0.919401	0.388745	0.947111	0.956359	0.625233	0.780236	0.575854	0.670309	0.653584	0.272347	0.104068	0.862606	0.372387	0.34785	0.824458	0.933348	0.247993	0.108158	0.430982	0.304666	0.000488296	0.932463	0.667776	0.600391	0.691	0.341227	0.362224	0.670644	0.271187	0.471786	0.624531	0.119144	0.627796	0.070925	0.494034	0.488296	0.651784	0.411542	0.814661	
0.758721	0.364452	0.0394299	0.619495	0.319742	0.631642	0.756188	0.80694	0.0666219	0.496628	0.744896	0.388714	0.780999	0.663747	0.244575	0.0916471	0.45088	0.163518	0.679678	0.594134	0.686331	0.730857	0.650929	0.17835	0.88699	0.926969	0.693747	0.0803858	0.317942	0.537156	0.210456	0.318247	0.749992	0.275002	0.482803	0.279824	0.820521	0.324503	0.170293	0.852138	0.771538	0.751152	0.201758	0.372326	0.720634	0.313852	0.465133	0.182836	0.121769	0.707999	0.202857	0.0706809	0.571398	0.771722	0.518113	0.37315	0.616657	0.68627	0.899014	0.0306711	0.721915	0.70159	0.166448	0.368145	
